MemoryCell:
  MemoryCellType: Single-Level Cell CTT
  CellArea_F2: 8
  CellArea_um2: 0.008192
  AspectRatio: 2
Capacity:
  Value: 128
  Unit: KB
OptimizationTarget: WriteEDP
Configuration:
  BankOrganization:
    Rows: 1
    Columns: 1
    RowActivation: 1
    TotalRows: 1
    ColumnActivation: 1
    TotalColumns: 1
  MatOrganization:
    Rows: 2
    Columns: 2
    RowActivation: 1
    TotalRows: 2
    ColumnActivation: 1
    TotalColumns: 2
    SubarrayRows: 512
    SubarrayColumns: 512
  MuxLevels:
    SenseampMux: 4
    OutputLevel1Mux: 1
    OutputLevel2Mux: 1
  LocalWire:
    WireType: LocalAggressive
    RepeaterType: NoRepeaters
    LowSwing: No
  GlobalWire:
    WireType: GlobalAggressive
    RepeaterType: NoRepeaters
    LowSwing: No
  BufferDesignStyle: LatencyOptimized
Results:
  Area:
    Total:
      Height_um: 158.64170038824176
      Width_um: 95.38313102776426
      Area_mm2: 0.015131742094598985
    Mat:
      Height_um: 158.64170038824176
      Width_um: 95.38313102776426
      Area_mm2: 0.015131742094598985
      Efficiency_percent: 56.767651327245595
    Subarray:
      Height_um: 73.95949999999999
      Width_um: 47.69156551388213
      Area_mm2: 0.0035272443396239654
      Efficiency_percent: 60.88275835829793
    AreaEfficiency_percent: 56.767651327245595
  Timing:
    Read:
      Latency_ns: 43.76795235399567
      TreeLatency_ns: 0
      MatLatency_ns: 43.76795235399567
      PredecoderLatency_ns: 0.5601672039857412
      SubarrayLatency_ns: 43.207785150009926
      RowDecoderLatency_ns: 0.4511433014779223
      BitlineLatency_ns: 41.63946211006952
      SenseampLatency_ns: 1.07
      MuxLatency_ns: 0.04717973846247869
      PrechargeLatency_ns: 1.02719825352589
    Write:
      Latency_ns: 1.3696501041637443
      TreeLatency_ns: 0
      MatLatency_ns: 1.3696501041637443
      PredecoderLatency_ns: 0.5601672039857412
      SubarrayLatency_ns: 43.207785150009926
      RowDecoderLatency_ns: 0.4511433014779223
      BitlineLatency_ns: 41.63946211006952
    ReadBandwidth_Bps: 365431628.7174633
    WriteBandwidth_Bps: 19765704743.7094
  Power:
    Read:
      DynamicEnergy_pJ: 17.381964999706533
      TreeDynamicEnergy_pJ: 0
      MatDynamicEnergy_pJ: 17.381964999706533
      SubarrayDynamicEnergy_pJ: 17.28616016002141
    Write:
      DynamicEnergy_pJ: 0.5955228107653201
    Leakage_mW: 0.20398898073387525
